0000001100110011
0101001100001000
0000000111010111
0000001011011000
0000000101011001
0000001001011010
1000000110000011
1000001010000011
1011011000000000
1100000001101010
0000010100110101
0101010101110011
0000010110110001
1100110000000100
1011000110001101
1100110000111101
1100111001011000
0000010100110101
0000010101011011
0000010000110100
0000010001011011
0101010100011010
0101010011100110
0000001010110100
1100110001000110
0000010110110010
1100110001000100
1100111000000001
0000010100110101
0000010101011011
0000010000110100
0000010001011011
0101010100001101
0101010011110011
0000010110110010
1100110000001111
0000001010110100
1100110000011010
1100111000111111
0000010100110101
0000010101011100
0000010000110100
0000010001011100
0101010100001101
0101010011110011
0000010110110010
1100110000000100
0000001010110100
1100110000001111
1100111000110100
0000010011011010
0101010000000011
1011010000000000
1100000000000110
1011010000010000
1100110000010011
0000101000111010
0101101000010000
1100111000101011
0101010000000011
1100111000001110
1001010000000011
1100111000001100
0000010011011010
0101010011111101
1011010000000000
1100000011111011
0000010100110101
0101010111110000
0000010110110100
1100110000000100
0000101000111010
0101101011110000
1100111000011100
0000101011010100
1100111000011010
0000010100110101
0000010101011100
0000010000110100
0000010001011100
0101010100011010
0101010011100110
0000001010110100
1100110000000100
0000010110110010
1100110000000010
1100111011010001
0101111000000001
0000100100111001
0000101000111010
0000011100110111
0000100000111000
0000011000110110
1100111000011111
0101111100000001
0000100100111001
0000101000111010
0000011100110111
0000100000111000
0000011000110110
1100111000011000
0000000111011001
0000100100111001
0000100110010001
1011001010000001
1100110000000110
0000001100110011
0101001101111111
0000001110110010
1100110000000010
1100111000001110
0000000111011010
0000101000111010
0000101010010001
1100111000001010
0100110100010000
1011110100000000
1100000000000111
0100100110100000
0100101011100000
0101011000000001
0000000111011001
0000100100111001
0000100110010001
1000000111000000
1000001011010000
0000000101011011
1011000110000001
1100110000000111
0000001100110011
0101001101111111
0000001110110001
1100110000000110
0000101111010001
1100111000000111
0000101100111011
0101101110000001
1100111000000100
0000101100111011
0101101101111111
1100111000000001
0000001001011100
1011001010000000
1100000000001101
0000001100110011
0101001110000001
0000001010110011
1100110000001001
1011001001111111
1100000000001010
0000001100110011
0101001101111111
0000001110110010
1100110000000110
0000110011010010
1100111000000110
0000110000111100
0101110010000001
1100111000000011
0000110000111100
0101110001111111
0000011101011001
0000100001011010
0000000111010111
0000001011011000
0000001100110011
0101001100001000
1000000110000011
1000001010000011
0000010000110100
0000010100110101
0101010010000000
1000000011110100
1000000011111011
1000000011111100
1000000011110001
1000000011110010
0000001100110011
0000010000110100
0101010000000001
1011010000010100
1100110011111110
0101001100000001
1011001100000011
1100110011111010
1100111001000111
