0101100100000001
0101101000000010
0000000100110001
0000000101010111
0000000101011001
1011000110000001
1100110000000110
0000001100110011
0101001101111111
0000001110110001
1100110000000010
1100111000000100
0000000111011001
0000100100111001
0000100110010001
0000001000110010
0000001001011000
0000001001011010
1011001010000001
1100110000000110
0000001100110011
0101001101111111
0000001110110010
1100110000000010
1100111000000100
0000000111011010
0000101000111010
0000101010010001
0000011101011001
0000100001011010
0000000111010111
0000001011011000
0000001100110011
0101001100001000
0100000111110011
0100001011110011
0000010000110100
0000010100110101
0101010010000000
1000000011110100
1000000011110101
1000000011110101
1000000011110001
1000000011110010
1100111011010110
